4296
536
10194
4
12342
1890
6977
4712
4428
3019
5343
1519
5405
518
2980
7424
6283
2662
16
17665
948
2405
4501
2821
18040
3020
9790
2708
8477
6250
65
2916
7717
11411
4082
16959
1412
1548
5058
3919
7043
20462
75
2966
11166
1666
128
4140
1882
12422
197
7461
3526
222
5277
451
5417
646
14480
2270
606
200
5951
7861
6229
2529
4609
13631
13615
9642
9602
278
9058
281
2332
11104
265
16059
268
299
308
1655
10039
313
2707
337
694
360
5940
8570
5965
2379
261
423
5091
4417
410
4617
10548
3904
5071
420
3918
2391
3818
5000
9781
13168
4387
3660
479
10434
6388
9158
7368
11536
9630
2631
7453
7405
1233
3010
5099
6732
5419
881
7529
2855
538
2994
2817
1360
11310
10989
4449
8291
6254
14083
7537
1743
14085
10905
6151
1791
1775
4083
891
8715
9375
636
652
8380
8385
11634
624
6891
6695
4029
14476
9372
13379
16279
2139
15792
1543
2556
9961
2764
730
8645
727
725
5976
5597
753
825
5052
13120
752
4965
6600
13220
9437
10868
6211
10854
771
3400
10862
3417
826
828
1973
3861
7146
11956
855
3848
840
3598
841
1916
877
511
6755
13362
18654
8131
7231
3501
21122
4936
8155
962
13701
1031
11314
10437
1729
950
17911
1148
1175
13494
9418
18599
13408
19396
10403
16929
1061
16833
1186
8858
9113
6469
502
9411
14270
2681
12403
6903
8307
1203
9096
10396
4426
19379
8582
1367
10246
2756
3504
2021
1009
8573
12098
8577
2643
10899
8127
7498
13253
2738
19409
1198
11532
10896
14169
16410
5055
6671
16697
10826
12143
8995
5453
5507
2282
7293
4242
7841
6824
3870
3174
2061
3303
10498
14052
12442
13829
6447
3154
13499
1343
19493
15977
15548
2485
9944
668
2503
8578
12633
1347
10112
2949
4855
11543
1410
1413
6769
2166
11344
15270
1415
2179
14821
13433
12519
5106
11470
7930
3047
1579
20096
18713
10515
18333
4186
4168
3933
10907
9483
1342
4075
632
12688
1561
7169
4037
10153
10156
1601
2801
3299
4636
1625
13021
15956
14625
6322
4255
12760
10782
13959
9271
16863
14609
15471
7651
13360
16854
13809
9720
8526
14075
2141
7060
4073
1778
7642
1823
8750
8752
8313
10351
8751
11393
1865
12282
19021
4801
2958
6361
1886
3136
8088
17305
7961
1938
1936
6466
6920
7283
1964
6436
4969
16458
4893
14720
12893
4185
8400
1981
7687
4551
2016
570
8129
3853
8592
10293
8658
16581
6575
10411
10516
6724
12990
16759
7473
16755
18043
6066
16993
13805
13073
16756
11017
14266
14268
2543
5912
8325
2102
10084
7425
14095
2168
2175
8609
2208
8160
4535
4396
2330
4833
3079
7206
16290
7294
15562
8586
10893
2605
14870
5544
12451
3697
7470
4616
5647
4209
17141
7928
3835
10191
2684
6854
2418
19006
3317
6255
8531
8657
5505
7426
8976
13364
7414
8571
5849
2588
16708
13458
4635
8234
8703
977
13471
13464
2577
2678
11748
18215
2628
15842
14682
3012
7569
3508
14032
14274
12127
15180
6353
14928
6848
7649
4067
7477
2740
2718
12136
17670
8643
6644
8320
2789
2794
2803
2826
3668
5589
1123
2518
17858
19098
2895
14754
15373
2899
14752
7074
6804
6057
4839
6706
14071
14068
3679
5346
5515
7941
7064
16552
8518
742
16331
3055
759
18042
13670
3509
3911
16096
3067
3961
6647
10049
10066
4764
9586
9592
11064
7901
4818
7976
8923
3201
3203
3223
20443
11939
3214
7933
6260
3729
10518
3292
13650
11248
11520
6773
10520
12811
11572
12855
13410
16616
5305
4725
7587
8981
18229
19754
3423
784
2157
3420
19193
14777
6100
8273
6126
15219
3461
12497
7509
5974
3652
3106
3561
8804
5760
9749
3622
6689
6428
4953
7121
20483
5917
8806
11057
7419
5618
1526
14004
12292
2829
3671
5742
3675
10068
10863
6553
19124
9618
17238
19957
5189
8961
14023
9155
11242
4070
7999
8010
10722
13948
3787
8341
3834
4604
5347
11847
3869
16710
5652
18628
15470
10735
14018
16328
14105
5891
7892
7057
3945
7046
16310
7213
17530
4206
11361
18492
15808
15809
9476
8611
8993
6703
13770
13769
7383
9186
4040
8391
6914
16717
10080
18994
12492
4100
15271
10387
17875
14033
18057
9115
16896
19448
13437
13976
10352
10146
2997
15680
5016
2743
15874
7883
15152
4237
2983
8140
8133
4939
4298
4932
4342
4335
16455
9560
7198
13904
4847
13706
11370
11480
11496
11509
7795
9364
11890
11896
14168
19904
12926
9611
9603
14716
16426
4500
16706
12923
14996
7683
10086
12668
17351
12667
10157
5565
4669
4637
7639
11902
13020
11194
18505
5483
16957
4685
12219
12768
15005
370
12487
12480
4783
8165
5612
5914
6358
15393
5001
4866
4869
15195
10291
5152
15675
4919
9979
4926
2247
4950
6533
4972
7330
5043
12647
16563
16499
9122
2963
10842
11822
13540
5118
12389
5909
6069
5138
12141
5523
16528
12137
17437
5149
9913
11322
5539
6026
13365
7708
6648
5229
17863
17106
17872
18313
14543
18746
18248
7355
20584
11877
15216
5204
5252
15382
5283
5289
5332
10945
13432
9760
5423
18129
17131
16334
20685
19411
14785
10991
7058
16682
16694
5561
17825
5579
9591
5556
11270
5602
11777
13370
7222
16065
11505
9204
4907
10312
8161
16757
5885
12476
18337
16116
14723
8661
9116
3492
7998
13661
9984
4410
18817
9980
8832
6684
8877
16834
10449
17915
2793
16835
9353
8863
5935
125
17172
12877
67
14971
11309
14140
13012
17019
8116
17005
9405
1253
21292
3912
16415
18568
18179
18046
1292
6754
6764
12621
22634
8559
12825
16274
10525
13945
6979
6943
9175
22040
7993
8968
7585
6726
14764
14072
14077
14839
7591
16865
18769
9769
9427
7570
16712
14090
17302
15006
9997
13588
7531
7476
14267
14069
9458
7528
19057
19459
10090
7556
13812
7573
12412
13428
4202
20516
9358
5521
7735
14721
10923
13420
14313
18638
17263
7964
15819
8185
11635
10798
21713
13822
14086
15363
20746
9319
13468
10757
11331
11745
4155
7605
12283
8507
8514
8530
13511
8516
13609
14255
12132
10260
9675
