4428
1519
518
2980
6283
2405
2821
11411
65
7043
7861
13631
13615
9602
265
2707
337
694
4417
5000
3660
7453
881
2994
606
1791
752
826
3598
13362
8131
1360
3501
4936
1031
11310
3019
13408
502
1148
6903
1203
1367
3504
2282
3303
1343
15977
9944
668
1412
2166
3047
18713
4186
1342
7169
1625
15956
9720
8526
14075
8752
10351
8751
10516
6724
16759
14270
13805
11017
14266
2168
15562
2588
13471
6848
7649
4067
14754
6706
16331
18040
13670
6057
6773
10515
12811
8961
9155
16708
16710
15874
14169
12926
4685
8995
15195
5138
6026
