17
59814
20667
9489
54715
55810
60017
30481
51244
55374
68735
144556
179764
111498
2694
105944
223118
108657
29096
24675
8691
101369
58339
26656
7386
33438
33855
32764
1398
4088
43243
36664
115881
104906
231720
32776
285496
120310
9753
25917
47443
11193
19606
334
33398
396
2393
1103
125729
139772
187764
12008
17612
37896
587
7957
85803
5003
33420
744
763
9038
8916
45380
11621
4540
8250
57707
875
32741
8935
25276
31535
1244
7156
3118
7385
88501
44156
112795
35291
62575
148173
12316
11559
23852
966
13010
81514
54034
1004
5099
8304
4386
24802
22509
1080
92564
43185
1091
35765
18160
101808
6818
63341
135555
64646
66614
5635
51578
5653
9088
79059
98531
134494
13666
44927
6956
49303
45297
190102
7446
50036
80970
120912
34858
18916
63787
171916
6320
14222
7066
11690
44293
6686
77148
2195
5111
7384
57049
102536
7303
259214
1634
78867
97848
1647
9498
42911
122277
1678
7683
14495
65943
83527
194902
116130
80527
1732
8364
29016
12962
103458
1789
1049
9606
10425
34777
3808
10636
49797
43780
1833
27067
84747
91718
105617
111403
41199
69562
59127
17995
21489
1888
1927
1931
1988
38224
37493
13689
23597
9736
93519
58867
92128
7346
65529
33826
138917
139061
10922
6670
168091
172678
8164
61694
55412
3100
8289
9410
18
37761
21460
28918
7752
1743
21124
65944
17621
53772
46147
85945
95032
30720
35266
42844
105002
43011
84859
135948
40855
119771
161000
124415
174899
176591
131078
138554
186528
230682
2127
47677
222623
181355
248121
7179
22533
4650
4285
176625
168718
129076
2286
10902
11223
85297
88535
2376
2382
56244
85837
45014
2479
22315
18531
46784
3522
2522
2544
196521
279452
109664
128077
293647
300739
2576
5691
17012
19598
8005
182369
2643
9619
2342
62602
91019
131732
122150
12149
2768
42727
43777
21087
4841
76830
2860
8684
27330
2958
45011
2918
119613
7680
25433
5904
6323
75495
30784
18491
123705
108751
82999
7509
9258
3037
3104
3122
192943
196677
10161
3143
76293
54402
115205
9110
3286
15804
34407
3833
3863
32850
61415
9420
36336
58906
76455
33399
44254
9134
27924
66441
94754
33330
127020
88788
101338
35876
93458
47776
30593
99788
183211
3366
32297
163395
76302
72240
28794
181130
5690
14190
92194
5906
3570
106668
53472
6454
54870
49010
102322
3630
20675
22224
30839
35148
12107
3679
91765
54792
82405
58703
3839
99321
3856
12784
155371
220703
27064
90175
3989
39860
55399
64416
6519
9541
55132
27522
4599
155898
94438
69401
10404
24302
26947
35328
48365
68043
6726
46611
68047
77731
156
24539
4295
41168
79057
69415
44341
78008
132224
45353
4357
55506
109338
4370
8750
10057
28223
25396
42280
27431
115621
29049
160566
85132
59369
53585
4480
5608
79614
38669
98826
11402
39416
51290
6349
4529
4531
4544
4552
4557
19593
10545
148734
97728
4610
107901
252472
81179
4719
9727
4782
32820
1139
76168
16495
11030
17558
111272
5521
40587
5254
23316
4967
52415
46092
243397
8335
28690
8367
5640
21061
102753
84146
143894
55705
43601
37762
69345
30750
39104
5210
33310
7075
60246
202023
2769
29077
58782
5891
40387
119158
109427
39105
4277
172213
100268
31944
138870
1552
5477
32281
47101
98998
174197
11129
118546
116203
18325
18578
6804
41586
41587
8623
5715
64938
68263
83198
5750
161715
99427
172418
43683
5807
44922
5860
133990
25291
8800
35432
12587
24768
38618
88499
126008
22729
140046
31611
5993
26760
94195
100069
110065
136755
92401
156443
109943
217761
17938
35497
6111
194359
6159
136935
122031
65384
79722
119367
46862
8441
6819
25872
32395
22323
32849
34779
64278
8860
88864
49799
71216
68708
94934
44604
11239
84800
7035
16061
7201
131865
58082
170379
115629
22402
80103
6416
124734
26359
66521
88695
114802
51300
39954
82775
6471
7684
26110
77460
126372
143657
38429
36260
12757
25121
115551
157386
176261
69980
37419
81158
9545
6781
29828
11214
6877
116970
174326
51600
117569
100489
248620
18159
154352
14547
43302
68606
7130
112837
30715
75514
64578
108969
132663
125061
98608
90208
15272
27609
28564
30172
39672
68472
85121
43687
112044
139285
24894
35157
83875
157588
136452
65698
28075
110467
34131
1431
96433
76713
41452
99015
145823
80094
87683
153711
158393
129215
114961
194390
15594
10861
21325
7622
70312
7592
59376
11692
32579
54774
191635
117398
90320
34097
7227
48193
87410
144690
106514
169712
136114
187532
103191
135049
37813
8168
112802
43188
58071
58086
54070
8216
8220
3865
31964
2698
133074
22979
12884
30604
140286
162429
168643
8390
8459
30168
40438
10511
78325
17201
118291
23934
8617
34646
18828
99503
173541
156473
177643
88617
24711
76592
68288
26284
130712
103128
116173
178828
30236
29253
8853
37963
49973
48882
62369
30072
14470
12782
105331
184010
97830
41319
22047
34188
97486
126
119371
74281
84560
18099
9200
137751
9206
45233
41044
39084
94756
41058
168702
81873
98922
9324
19576
13048
84801
18287
80721
127198
147760
60241
453
11574
21495
71953
77848
94307
73692
9517
83168
9645
151500
9700
6288
18162
44044
55560
66316
74830
43927
91937
23860
96247
106625
125023
108501
19686
126345
81626
195121
92866
203227
160296
9807
77378
103940
39326
170793
170809
9943
71971
190591
59065
13921
73771
29837
50895
2417
134986
200328
52871
11586
8248
128008
136606
10659
125503
10438
11469
115850
52682
10488
46912
56752
10592
42676
43556
89777
198310
179305
74003
28329
242088
11458
20517
50979
190155
20685
10723
38971
17418
19217
22466
130020
23241
78028
23246
113408
83798
10771
118165
10904
96886
107224
42654
128878
61208
175061
34345
35634
11015
30665
49206
8937
97636
167937
80880
61640
217316
13732
15041
36143
26219
114138
19221
35493
39082
151597
81421
78364
196934
241543
187139
184428
98319
141212
21749
38143
43847
13889
87185
110116
179254
11693
146514
19748
73427
64211
11900
7451
120820
64379
11928
146708
19406
27711
58558
151778
35673
12076
1795
12130
12191
13327
26839
99537
24317
64279
29710
57785
26458
41227
12386
49614
15121
16200
21401
40634
57774
12677
27382
12725
141063
187380
12858
136632
68781
12892
109601
69521
141090
177366
54059
79134
19500
40229
13135
55623
13146
13160
80087
13195
107705
13424
137279
69644
221494
78667
25025
15148
13686
36210
43480
52470
100012
113347
124655
13773
58065
54911
110609
64449
56942
