17
59814
60017
30481
51244
55374
68735
2694
108657
8691
101369
58339
7386
33855
1398
4088
43243
115881
231720
32776
9753
25917
19606
33398
396
2393
125729
139772
187764
12008
17612
37896
587
33420
744
763
9038
8916
45380
11621
4540
8250
57707
875
32741
25276
1244
7156
35291
148173
12316
11559
23852
966
13010
81514
54034
1004
5099
4386
24802
1080
43185
1091
35765
18160
101808
6818
63341
135555
66614
5635
51578
5653
9088
79059
98531
134494
13666
45297
7446
50036
7385
120912
34858
18916
6320
44293
6686
77148
2195
102536
7303
1634
78867
97848
1647
9498
42911
122277
