64
941
21556
27936
699283
438678
684224
47090
584292
500800
525181
906527
994343
43681
428219
757165
600826
772275
772547
542377
690445
840366
146874
928160
980699
428196
126473
1849541
39095
291243
1585522
1023063
691850
1044328
722960
1057930
1100104
126442
688100
923136
1228935
107601
976558
865550
757410
1002504
26181
20529
1291092
830653
620420
522851
1575858
1339446
83150
759752
1481918
301374
103493
1617282
20133
325115
120790
299984
628015
268319
433357
1084565
312753
2210098
661052
483458
459942
325367
427333
930636
1880240
1271623
266304
1214545
1001460
1636687
1046724
271433
224836
1645440
1271331
462756
1608199
687085
2459
1213366
1137945
582327
538115
1063135
524060
979249
831903
1311587
110074
1035000
526022
513765
1593298
1238270
490575
652742
1577969
980095
528680
721
1512674
1604545
1741050
706977
1033407
430523
1367905
513802
485198
994765
1002345
485236
104623
485137
681614
1017294
1012766
667955
1276127
991454
442557
19181
1592707
1978105
1891716
1129501
2109867
1153200
772760
1629745
1686976
772708
1701184
90743
64697
450283
660946
661389
275617
686569
728983
455031
660940
630726
1087272
743805
1652208
1175226
1276264
663277
1575545
1581785
1008859
1008410
662123
502693
1301732
1861641
2395596
774831
1611871
661177
998502
1251536
660294
374363
768336
745308
490759
1911167
683408
1276263
1609063
1253134
2213891
1129299
18709
1114098
157171
1992988
995924
146459
1167541
1219992
662193
150233
738628
1796898
212214
638070
49721
524817
1077525
962327
692202
1925986
1994959
21273
903517
295886
436159
2367124
692575
872937
33829
127827
115375
125640
106127
4374
160820
166943
264461
196666
543260
386091
455531
321807
590194
438558
994276
631395
587397
469586
461912
224575
681281
927778
231914
989932
757897
862104
62242
992932
57306
460726
1176409
1025805
115394
1192600
1159132
595873
1704198
1079883
861722
509738
1220167
1277549
1680237
2450
327318
1589292
1718038
184543
2250639
1128515
1177194
827815
1571436
1578552
2213939
1099327
539415
1042259
617359
1681754
284502
224552
487721
452545
462367
614006
941169
101487
1315848
1593776
867149
745501
1607639
361663
524767
202067
2242960
1722330
2289515
35
51574
303039
881900
1577277
1621901
378806
1228463
1197783
1302907
1572968
378320
182595
303980
37954
518213
763072
1611070
325312
393184
2180741
54007
1715429
186765
149708
240905
75489
606131
604873
605589
2433688
2304776
1601578
2310635
49941
366764
1073691
1012608
769359
1591859
885736
2354
1667950
771081
1737232
1737388
1609234
2301
491108
2340
696173
1003648
1515456
1674390
1011251
409283
302354
584657
63960
115116
150015
443384
199461
928802
198108
461913
198806
110496
326352
584965
433866
481185
430951
518515
913290
725754
320721
1084609
612867
246855
98578
461914
360130
119951
1053870
518190
452657
714067
910851
440319
1244771
384888
545229
19068
2768
1652387
1591271
2830
1022567
74106
1281894
323012
1059048
1090275
134446
2384719
204575
927971
181679
1632413
1264974
1863934
1130115
2564540
2031801
945229
1667471
1748279
1868898
1751864
615403
1691482
30220
31447
32636
45610
497672
47827
610583
685496
210639
733377
907494
942932
1119195
155672
927588
685926
3032
45194
744039
32991
451634
24732
122795
47209
977679
1149775
3080
33114
32558
1196430
31581
1532036
134819
1155994
1578212
1314849
646379
887514
1171860
647515
940874
404271
1522591
180113
1674597
619634
1579651
191461
1914363
2155813
551175
65577
1689864
1159509
1116395
2714923
446
1586020
266720
466087
73748
40881
993687
107791
208011
552366
93687
629482
662385
723370
292484
377740
1005480
660411
271446
45771
738760
208017
359220
54802
1539541
1855347
981722
1625183
878911
61691
3721
1513639
492026
236065
679873
1006883
885710
986635
464069
115574
266057
1302271
2016857
2275487
18342
125144
1036656
1139042
383955
1748078
1078904
2359503
4002
229721
1752436
154582
165101
24335
31448
282381
1150625
31505
1189351
194100
516243
179413
395356
48384
323743
1341125
1075080
191430
3050
30713
966204
32592
4356
55757
51456
58165
196658
125325
214581
1738596
238803
246541
271405
290600
297203
326413
1185570
328436
1412706
1442236
1455632
840762
350369
810862
238859
351651
351844
352812
2853098
353741
1423880
1452429
1357454
355105
356370
430475
635308
2250053
483816
560815
500930
1445401
519385
519451
520179
4882
1449808
551153
43085
583887
1377810
591145
1452082
591923
598445
598983
1035204
595152
262128
1653324
629199
999669
367031
650396
659778
660147
275593
660866
661721
8429
49692
694542
978819
1792593
696056
696080
726241
531514
196800
755246
31398
43861
1646301
1484050
628749
275565
579761
2913862
786181
1379899
787618
14867
788875
807939
789587
789858
2452628
790343
789096
792249
792382
3154490
242673
792964
785474
1428364
794861
806300
12096
759792
795829
796226
353191
796734
796788
796916
1378717
1240461
797685
798060
798550
1459145
798892
799055
799522
799739
791273
800617
4735
1475184
801016
801161
1402101
1483475
612750
1429062
519647
801564
804964
805262
791351
805385
805948
806953
807107
10526
2452584
807796
812621
612723
808252
808458
809132
809250
809404
810523
1420155
811418
1367371
788021
812410
1393339
330355
2703986
2825875
818787
818865
520577
819600
329600
1428490
820215
6253
874626
821113
821702
822066
835199
1435188
1362452
824703
2171607
825903
824200
834754
844127
204727
1374054
848109
1480992
848009
848022
850172
851054
330385
4787
876696
4790
958772
920350
287245
807908
882927
2209428
451657
1398703
943425
891309
893818
13522
894568
2610641
789629
916930
612634
919643
917617
917758
917924
1435915
1286608
803415
5383
13255
804715
4722
1405222
818650
920211
10112
16245
920691
924592
924610
1250983
933944
1959563
428942
981048
723704
982778
985336
989652
115117
992362
536802
996397
979605
1006479
1007463
1017121
1017879
57290
44510
661019
770436
1029653
437479
1046879
1052331
403
999671
659946
191428
1068105
762279
442089
1911559
684432
419581
473788
1042416
754474
86285
1099284
1001552
52279
1114164
1115301
278794
117035
1137887
1411627
1140398
685059
1147791
647352
1520743
97829
408933
762925
1160822
129155
1343169
570175
750169
1176228
1177251
235696
1180593
1205982
1256376
733474
431872
810462
569356
1099910
130475
1204165
612733
1056481
1217009
514649
1227670
1190724
382241
1229710
1002084
433134
1233180
1240518
968875
1244833
1244899
1251794
282514
443088
738028
504609
869443
1287181
629594
1274181
1281055
126803
1114239
843051
1288792
628747
540568
1297841
842708
788625
43025
980850
395018
329314
1436300
1384180
1449538
1349672
1350019
442844
1349251
11432
1349544
824553
1354105
2897400
2826450
1355763
1356187
1356319
2849258
1357353
2703869
1358277
507264
1359078
1359945
849517
1360242
1416783
1360664
1360675
809029
1463973
1363288
805805
1350587
1432490
815927
1390226
1378166
2448410
441350
1965446
243252
1350590
804772
1364071
1484145
1367242
1366881
1364384
1287191
2834688
808194
893824
805740
1472052
531660
1365640
1365835
1365900
811722
1366394
1366485
1365603
855955
3372914
1367069
1367140
293686
1367959
1350589
1368402
9822
1368673
793801
1368409
1368238
1432962
848038
1376926
1370118
359102
1371341
813525
1442711
819203
564165
809941
2832393
1370019
2909423
1373236
329067
1374583
792773
814485
2823682
1374912
1374811
1375419
786648
12380
1413709
2182575
1375892
1363122
