25244
98
327619
23229
1300
74
34148
4583
43306
26740
780
775
776
796
33954
9055
21244
105422
115
4456
26182
60
5972
52852
349513
20709
134241
88274
117424
5137
23484
125
21104
26455
191245
59831
5273
156334
79
58
380
165045
57
181656
31256
28140
95261
125957
87266
53234
69404
246196
264
43866
395135
125550
97273
39082
89990
156135
33860
108801
104810
22575
87250
97736
650080
145525
434504
128046
762630
565098
97737
299982
899293
4481
522319
384130
489174
628775
731229
456631
197522
19871
721970
686591
80318
640167
488476
721884
231508
500801
500802
910156
722961
1210707
time=10.44memory=572
