64
941
21556
27936
438678
684224
47090
584292
500800
525181
757165
772275
772547
542377
690445
840366
146874
980699
428196
126473
1849541
39095
1585522
1023063
722960
1057930
1100104
126442
923136
107601
976558
865550
757410
1002504
26181
1291092
830653
620420
1575858
759752
1481918
1617282
20133
325115
120790
299984
1084565
2210098
661052
483458
459942
325367
427333
1271623
266304
1214545
1001460
1636687
1046724
271433
224836
1645440
1608199
687085
1213366
1137945
582327
538115
1063135
979249
831903
1035000
1593298
490575
652742
1577969
980095
528680
1512674
1604545
1741050
706977
430523
1367905
513802
485198
994765
1002345
104623
485137
681614
1017294
1012766
667955
1276127
991454
19181
1592707
1891716
1129501
