0
1907
1942
891
125
106
1232
1790
1101
1606
1241
1750
9
1205
1113
51
37
187
1092
132
120
914
1665
1771
1340
343
1909
1775
127
81
1736
1323
2271
2469
1878
1798
52
108
46
1169
412
2125
1875
1339
1899
1534
2138
24
2196
1740
2307
1730
2513
411
1757
1795
1645
1648
1759
1758
1207
1794
1733
413
1872
163
1662
1776
2776
246
2514
1833
1814
2275
363
2575
1360
2228
1788
2983
893
2478
75
85
123
2785
2225
1342
2750
449
486
130
1823
265
2716
26
386
2886
2521
139
2543
2931
2719
2433
224
136
90
2696
2523
1050
2756
2122
2754
2844
535
1896
901
2925
474
2854
2879
2752
2905
1813
953
550
296
86
1718
3038
2622
481
256
3796
295
3003
435
422
2835
253
2623
5220
2747
622
2227
5896
2414
4922
3856
3060
4375
4663
3164
1149
366
2137
1751
25
1915
1927
3406
2142
1755
2265
1856
373
1988
2508
1855
1739
1877
2765
420
2181
158
1189
2182
2516
1532
2996
1357
3951
2276
2156
2786
647
2163
4036
2501
2243
2805
1051
512
3511
2502
3170
640
1800
2686
3377
1966
1792
3365
3012
519
200
2482
2711
2777
227
2586
2689
3335
98
2813
2626
232
634
2149
2427
1725
1857
3281
2194
302
168
380
2120
361
2917
1363
4791
2235
1273
1811
2872
2159
3128
4350
2767
2937
121
608
2757
2800
66
696
2695
2690
658
4709
654
3062
2540
2505
952
2831
437
956
447
345
3014
1947
3174
2631
2919
3283
927
966
2410
463
2906
3380
3217
3045
554
80
3287
2717
3103
2985
3421
3312
1166
3419
3879
3294
464
177
3279
2431
3075
541
3337
1124
523
3138
372
237
3209
450
3398
573
2608
2461
3118
2684
2801
2984
3469
3059
2827
3372
641
2625
627
3296
2816
448
442
3072
3024
3297
968
921
3613
498
4705
3729
3318
2212
2158
471
651
3393
3397
1541
3775
57
3640
206
2528
664
4853
3536
503
3867
1948
4080
649
3161
397
3033
2706
1769
659
3345
2726
3564
1368
3028
1601
3275
4055
665
3799
899
2256
964
1602
1209
2897
3978
4176
4359
705
558
770
3695
4438
1136
675
3989
1318
4273
3659
2682
2003
2160
1786
507
3898
3947
3114
3653
3203
1782
3309
562
3942
4538
4457
3158
2444
3940
890
3570
2152
2143
3798
3115
2304
4338
1180
594
4782
574
3835
4015
3975
3959
2693
490
695
698
1567
2018
4123
1003
767
835
1905
3904
4535
4442
2027
4854
1707
4587
3833
3851
4828
4420
4583
3789
4982
4019
5903
3519
4370
4045
730
4379
4804
687
4099
4512
1217
4773
4433
2573
4730
2379
4262
4381
2023
4655
1550
4133
4998
510
5194
1075
819
5679
5936
2692
2584
1587
4556
3976
2139
3840
3228
2231
2270
1717
2532
2976
3705
3937
3211
3911
995
2837
3814
2539
5779
2574
5031
2312
4523
4848
2755
4978
5607
201
2806
4096
1945
639
1913
601
262
3037
3074
1379
3358
566
3321
205
3906
2600
1720
4155
3355
2352
2736
2257
3905
607
3810
3507
3658
3874
3726
3986
3877
3871
3776
865
3900
1879
3812
178
5422
2015
5281
3908
1125
4357
4041
2959
4392
4495
5339
1859
3248
5267
1799
1539
4039
5147
6312
6293
4871
1251
4793
2536
3938
3561
3249
3847
3405
3822
5141
5351
5283
1745
5549
1062
5347
5619
5952
5467
5321
5238
4138
423
3303
1301
1616
1992
1934
1555
5289
4432
4333
4460
2165
561
2012
2826
6040
4842
2418
2981
2268
4475
1565
2314
4451
1128
3753
4296
3948
4053
1326
1127
1468
5164
2035
4712
4598
4577
6328
5104
5004
1461
5775
5652
2602
2394
2994
3461
3848
998
4031
3865
3769
3069
3562
1057
4592
2037
3046
3232
4769
4675
1459
4421
2598
5110
518
2533
4680
280
3273
3855
5183
4654
4920
2553
3214
197
3286
5048
4324
4877
1653
5749
5161
5755
3362
4320
4325
3610
3813
585
4268
5214
4136
1210
1472
5178
365
3563
1863
3824
1403
5171
5398
5233
1219
4437
5695
5389
2671
1830
2987
3941
1211
5235
5499
2941
4716
5754
1793
4947
4578
5663
4869
6164
3635
3955
5799
5299
1061
3383
592
3451
4169
1295
4056
3389
2649
5312
4108
4128
3780
1372
2363
5197
4537
3707
1257
4161
4388
3291
5262
5264
3745
1396
859
4698
5278
5315
5317
3188
1199
4805
5379
5314
765
2382
6185
2811
6050
5206
3890
2076
6504
5758
5377
6462
2020
6062
4830
824
4779
6070
1851
4306
1280
4544
1650
4621
946
878
1484
5826
5574
6236
5804
3552
6251
971
1481
1528
5901
1039
6074
5738
6211
6102
2972
6433
5542
5930
1816
3774
1969
3922
3473
3097
4985
2529
3945
4100
3515
555
3420
5231
4341
4330
5437
4003
4208
4049
4990
3781
5145
5404
5417
5134
2244
3779
888
3423
4274
4887
4784
2340
6394
3830
2415
5113
6038
5785
6666
1475
3870
5461
2957
6352
5950
1417
4118
5196
3510
3588
2298
3624
2975
2967
5490
2326
4040
3641
4264
6154
6299
1619
3517
2657
1829
4097
5635
5362
2094
3770
4733
5148
4667
4796
1282
5638
5330
4498
5428
5611
5615
5459
3478
4586
4458
5703
3859
1223
2644
4177
4413
5807
5295
5313
3652
2861
6105
2358
1155
3654
3525
4499
5070
3596
4692
5409
6498
2169
3646
5128
2041
4781
2923
1797
1978
5761
5832
6610
6107
1433
3850
5789
4907
5258
2563
6217
4481
4476
5388
5250
1611
5029
6679
2050
815
5236
5866
2372
1868
1423
5965
5564
3514
6509
4850
4927
5645
4997
5771
6125
6817
1530
783
1465
5570
5802
5279
4939
6013
3351
3131
5175
5983
6124
5010
6743
1660
1082
4839
3195
1160
5669
2325
5508
6749
4102
5316
1254
976
1304
6624
5455
1369
3409
6752
4824
5528
4162
5683
1399
5829
1552
2641
4955
1227
4601
5033
5737
3689
